0 0.50390625 0.52578125 0.0140625 0.015625
0 0.65234375 0.53828125 0.01328125 0.0109375
0 0.62578125 0.54765625 0.0234375 0.0109375
0 0.68515625 0.5609375 0.009375 0.0140625
0 0.540625 0.59453125 0.009375 0.015625
0 0.41484375 0.62890625 0.01875 0.01484375
0 0.53046875 0.8171875 0.0234375 0.01875
0 0.375 0.88359375 0.021875 0.0171875
0 0.59140625 0.38671875 0.0109375 0.01015625
0 0.6328125 0.3890625 0.0171875 0.0078125
0 0.61171875 0.39453125 0.0078125 0.01015625
0 0.4703125 0.4359375 0.00703125 0.01328125
0 0.3984375 0.44921875 0.0125 0.0109375
0 0.57578125 0.45234375 0.0078125 0.01328125
0 0.41640625 0.47421875 0.01328125 0.0078125
0 0.64921875 0.47578125 0.00546875 0.01171875
0 0.61484375 0.48828125 0.00625 0.01171875
0 0.67734375 0.48828125 0.01015625 0.009375
0 0.5421875 0.51015625 0.009375 0.0109375
0 0.65078125 0.51796875 0.0109375 0.015625