0 0.6265625 0.584375 0.015625 0.01015625
0 0.490625 0.60390625 0.0125 0.009375
0 0.56640625 0.6109375 0.01484375 0.01171875
0 0.4203125 0.61484375 0.015625 0.0109375
0 0.72109375 0.62109375 0.0171875 0.0109375
0 0.4921875 0.621875 0.00859375 0.009375
0 0.51484375 0.63046875 0.009375 0.0140625
0 0.6984375 0.63671875 0.01484375 0.00703125
0 0.5734375 0.6484375 0.015625 0.01328125
0 0.23515625 0.6515625 0.01953125 0.009375
0 0.2953125 0.40078125 0.00546875 0.0171875
0 0.453125 0.425 0.01796875 0.0125
0 0.62421875 0.43046875 0.01171875 0.0078125
0 0.6734375 0.43984375 0.009375 0.01171875
0 0.55625 0.47578125 0.015625 0.01015625
0 0.28203125 0.47734375 0.00625 0.01953125
0 0.6828125 0.5 0.015625 0.01015625
0 0.55234375 0.5109375 0.009375 0.0125