0 0.2296875 0.5359375 0.0125 0.01015625
0 0.3921875 0.54765625 0.0109375 0.0109375
0 0.46875 0.55703125 0.015625 0.00859375
0 0.596875 0.5734375 0.0140625 0.0125
0 0.4609375 0.57578125 0.01171875 0.00859375
0 0.5296875 0.5796875 0.00703125 0.015625
0 0.47890625 0.5859375 0.0109375 0.0140625
0 0.52734375 0.621875 0.0125 0.015625
0 0.67265625 0.63203125 0.01953125 0.00625
0 0.67265625 0.63359375 0.02265625 0.00703125
0 0.64296875 0.64140625 0.0171875 0.0078125
0 0.49375 0.38125 0.015625 0.01171875
0 0.33046875 0.3921875 0.0109375 0.015625
0 0.6546875 0.42421875 0.0171875 0.009375
0 0.70390625 0.44375 0.0078125 0.0140625
0 0.47578125 0.4765625 0.0109375 0.00546875
0 0.55703125 0.4859375 0.00625 0.0125
0 0.6921875 0.5078125 0.01640625 0.00859375