0 0.4015625 0.53046875 0.00859375 0.0078125
0 0.6828125 0.61640625 0.0140625 0.01015625
0 0.590625 0.78125 0.01484375 0.01015625
0 0.38828125 0.27890625 0.0078125 0.009375
0 0.509375 0.37578125 0.009375 0.0125
0 0.434375 0.4015625 0.009375 0.0109375
0 0.41328125 0.403125 0.0109375 0.00859375
0 0.52578125 0.4265625 0.015625 0.0109375
0 0.42265625 0.4421875 0.0078125 0.0125
0 0.39140625 0.453125 0.00859375 0.01484375
0 0.6234375 0.46015625 0.01171875 0.0140625
0 0.53828125 0.51171875 0.00703125 0.0125
0 0.38671875 0.51796875 0.00625 0.0125