0 0.52578125 0.53203125 0.0078125 0.01953125
0 0.3890625 0.56171875 0.01640625 0.009375
0 0.484375 0.56875 0.00703125 0.01484375
0 0.609375 0.5765625 0.0125 0.0140625
0 0.53046875 0.6640625 0.02109375 0.0125
0 0.2703125 0.74375 0.0234375 0.009375
0 0.27734375 0.7546875 0.02109375 0.00859375
0 0.76640625 0.76640625 0.01328125 0.02890625
0 0.671875 0.9171875 0.01796875 0.02734375
0 0.55234375 0.36171875 0.015625 0.0109375
0 0.53828125 0.3765625 0.0140625 0.0109375
0 0.61875 0.4328125 0.009375 0.0109375
0 0.54296875 0.4390625 0.0171875 0.01640625
0 0.60078125 0.453125 0.0109375 0.0140625
0 0.42578125 0.465625 0.009375 0.0140625
0 0.6640625 0.47890625 0.0171875 0.00546875
0 0.728125 0.4796875 0.0171875 0.0125
0 0.5515625 0.50625 0.0125 0.01171875
0 0.36640625 0.5109375 0.0046875 0.01328125