0 0.515625 0.334375 0.00703125 0.009375
0 0.4234375 0.3375 0.00546875 0.01015625
0 0.4140625 0.37109375 0.0109375 0.0078125
0 0.38203125 0.37421875 0.00859375 0.01015625
0 0.50390625 0.38046875 0.0140625 0.009375
0 0.53984375 0.39140625 0.009375 0.01015625
0 0.7390625 0.403125 0.01015625 0.01328125
0 0.3265625 0.42265625 0.0109375 0.0046875
0 0.34375 0.42578125 0.00703125 0.01328125
0 0.4375 0.4359375 0.0140625 0.00859375
0 0.34765625 0.44140625 0.00390625 0.0125
0 0.53671875 0.44375 0.0125 0.0078125
0 0.46875 0.459375 0.00703125 0.0109375