0 0.646875 0.603125 0.01796875 0.0125
0 0.53359375 0.35625 0.00703125 0.01171875
0 0.43984375 0.37421875 0.0078125 0.009375
0 0.4609375 0.37578125 0.0078125 0.0109375
0 0.5390625 0.40546875 0.015625 0.0078125
0 0.440625 0.4125 0.0078125 0.00859375
0 0.409375 0.41953125 0.0078125 0.01015625
0 0.45234375 0.44609375 0.009375 0.0125
0 0.62578125 0.44921875 0.00703125 0.00546875
0 0.59765625 0.46484375 0.01328125 0.00546875
0 0.39296875 0.47890625 0.0046875 0.0109375
0 0.53359375 0.490625 0.00703125 0.01171875
0 0.403125 0.4921875 0.00625 0.00859375