0 0.45703125 0.521875 0.015625 0.009375
0 0.7 0.52265625 0.0171875 0.0109375
0 0.59921875 0.52578125 0.0109375 0.01953125
0 0.5875 0.571875 0.0171875 0.01328125
0 0.48125 0.584375 0.0109375 0.01953125
0 0.71640625 0.61953125 0.0171875 0.01875
0 0.54375 0.83359375 0.01875 0.01015625
0 0.55390625 0.83828125 0.02578125 0.0140625
0 0.50078125 0.38671875 0.00625 0.01171875
0 0.73984375 0.39765625 0.01640625 0.00859375
0 0.49765625 0.4015625 0.0171875 0.0078125
0 0.4734375 0.41328125 0.015625 0.00703125
0 0.6015625 0.41328125 0.01171875 0.0078125
0 0.6734375 0.4328125 0.009375 0.00859375
0 0.60234375 0.4359375 0.0125 0.00859375
0 0.67421875 0.45234375 0.015625 0.01015625
0 0.4953125 0.4859375 0.0078125 0.01328125
0 0.6 0.49375 0.00625 0.0140625