0 0.41328125 0.52109375 0.0125 0.0109375
0 0.40234375 0.5671875 0.01328125 0.009375
0 0.4640625 0.60234375 0.0109375 0.01796875
0 0.25 0.728125 0.0109375 0.015625
0 0.6859375 0.74140625 0.009375 0.0203125
0 0.67421875 0.74765625 0.00625 0.0140625
0 0.35234375 0.921875 0.025 0.01640625
0 0.690625 0.303125 0.0078125 0.009375
0 0.528125 0.41171875 0.0078125 0.0125
0 0.540625 0.428125 0.00703125 0.01484375
0 0.35703125 0.44140625 0.0109375 0.0140625
0 0.3640625 0.45859375 0.01484375 0.0109375
0 0.60234375 0.46796875 0.0109375 0.0078125
0 0.43125 0.475 0.01953125 0.0078125
0 0.34765625 0.4765625 0.0125 0.0109375
0 0.6765625 0.5203125 0.0078125 0.01484375