0 0.6359375 0.521875 0.01953125 0.00859375
0 0.70625 0.521875 0.0140625 0.021875
0 0.51015625 0.52265625 0.01328125 0.0203125
0 0.565625 0.5796875 0.01171875 0.015625
0 0.45703125 0.6390625 0.02890625 0.0171875
0 0.228125 0.6421875 0.0140625 0.015625
0 0.2296875 0.653125 0.01875 0.01015625
0 0.62421875 0.79296875 0.025 0.0234375
0 0.603125 0.3703125 0.015625 0.00625
0 0.559375 0.378125 0.01796875 0.0125
0 0.45 0.43828125 0.00859375 0.0140625
0 0.63671875 0.45078125 0.01015625 0.0125
0 0.6671875 0.4578125 0.00859375 0.00703125
0 0.421875 0.465625 0.01328125 0.01796875
0 0.6109375 0.46796875 0.00625 0.01171875
0 0.65 0.4875 0.009375 0.01171875
0 0.5453125 0.50234375 0.0140625 0.0109375
0 0.6546875 0.50625 0.01484375 0.0109375