0 0.6578125 0.521875 0.0109375 0.01171875
0 0.6015625 0.5328125 0.01484375 0.01171875
0 0.64921875 0.53828125 0.0140625 0.00859375
0 0.23046875 0.5453125 0.00625 0.01171875
0 0.62890625 0.55 0.015625 0.0125
0 0.2265625 0.55546875 0.00703125 0.01328125
0 0.68046875 0.57109375 0.0109375 0.015625
0 0.53671875 0.5859375 0.00859375 0.01640625
0 0.409375 0.60625 0.0140625 0.0140625
0 0.48984375 0.8046875 0.028125 0.01796875
0 0.33359375 0.8453125 0.01875 0.01796875
0 0.6203125 0.38671875 0.0109375 0.01328125
0 0.6375 0.3953125 0.01015625 0.0140625
0 0.49375 0.41953125 0.003125 0.009375
0 0.421875 0.428125 0.009375 0.0109375
0 0.45859375 0.43828125 0.0140625 0.01640625
0 0.59375 0.45 0.0109375 0.015625
0 0.4359375 0.453125 0.0140625 0.00625
0 0.66171875 0.48046875 0.00625 0.0171875
0 0.6265625 0.48828125 0.01171875 0.015625
0 0.55390625 0.50390625 0.0140625 0.0109375
0 0.5125 0.51328125 0.0171875 0.015625