0 0.51328125 0.5328125 0.01484375 0.01796875
0 0.37421875 0.5453125 0.01875 0.0109375
0 0.5828125 0.58203125 0.0109375 0.0140625
0 0.48828125 0.66171875 0.025 0.0171875
0 0.2359375 0.71015625 0.01796875 0.0109375
0 0.24296875 0.71875 0.021875 0.00625
0 0.6984375 0.7875 0.01953125 0.02890625
0 0.578125 0.91875 0.021875 0.025
0 0.5671875 0.36875 0.015625 0.0125
0 0.52578125 0.37890625 0.01796875 0.009375
0 0.54921875 0.38046875 0.01328125 0.0125
0 0.5421875 0.43984375 0.009375 0.0140625
0 0.428125 0.45859375 0.0125 0.0109375
0 0.6453125 0.47890625 0.00625 0.0140625
0 0.65546875 0.496875 0.01640625 0.0078125
0 0.7125 0.50234375 0.01171875 0.015625
0 0.63828125 0.51484375 0.02109375 0.0046875