0 0.6765625 0.5234375 0.009375 0.01875
0 0.40546875 0.57734375 0.0171875 0.00703125
0 0.46953125 0.60625 0.0171875 0.0171875
0 0.69453125 0.7390625 0.0109375 0.01796875
0 0.2578125 0.74296875 0.01875 0.015625
0 0.68203125 0.746875 0.009375 0.0171875
0 0.365625 0.93203125 0.025 0.01640625
0 0.6828125 0.31171875 0.009375 0.01171875
0 0.525 0.42109375 0.0109375 0.009375
0 0.53671875 0.4359375 0.009375 0.0171875
0 0.3546875 0.45546875 0.009375 0.01171875
0 0.36171875 0.471875 0.01640625 0.00859375
0 0.60078125 0.475 0.0171875 0.0078125
0 0.43203125 0.48828125 0.01328125 0.0109375
0 0.3453125 0.48984375 0.0140625 0.01015625