0 0.5984375 0.52421875 0.01640625 0.0234375
0 0.46171875 0.55234375 0.01875 0.0109375
0 0.60703125 0.5671875 0.01640625 0.015625
0 0.74765625 0.57578125 0.0140625 0.0234375
0 0.509375 0.60390625 0.0109375 0.025
0 0.2671875 0.68203125 0.01484375 0.0171875
0 0.67109375 0.8140625 0.0234375 0.0234375
0 0.6859375 0.81484375 0.021875 0.02109375
0 0.30546875 0.8984375 0.02890625 0.02265625
0 0.4515625 0.4140625 0.00546875 0.0125
0 0.63125 0.42109375 0.0078125 0.01328125
0 0.4546875 0.43125 0.015625 0.00625
0 0.6390625 0.43984375 0.0109375 0.01640625
0 0.4359375 0.44765625 0.01875 0.01015625
0 0.5875 0.4921875 0.009375 0.00546875
0 0.69140625 0.4953125 0.0203125 0.00859375