0 0.59140625 0.5296875 0.0125 0.0171875
0 0.45234375 0.5546875 0.0203125 0.00546875
0 0.59453125 0.57421875 0.0140625 0.01171875
0 0.73515625 0.59140625 0.015625 0.015625
0 0.49609375 0.60859375 0.00703125 0.01796875
0 0.65390625 0.8328125 0.01875 0.01796875
0 0.6375 0.83515625 0.0203125 0.015625
0 0.45390625 0.415625 0.003125 0.0125
0 0.63203125 0.43125 0.00703125 0.009375
0 0.45625 0.4328125 0.0140625 0.00546875
0 0.434375 0.446875 0.01484375 0.01015625
0 0.56875 0.44765625 0.0203125 0.0046875
0 0.63828125 0.4484375 0.0125 0.0125
0 0.5828125 0.4984375 0.00625 0.00625
0 0.6859375 0.50859375 0.0203125 0.00546875