0 0.57265625 0.53515625 0.01171875 0.01640625
0 0.421875 0.57265625 0.00625 0.0140625
0 0.7609375 0.60859375 0.01171875 0.0109375
0 0.5734375 0.35 0.0140625 0.0078125
0 0.3765625 0.39453125 0.009375 0.0109375
0 0.42578125 0.44296875 0.01328125 0.009375
0 0.4046875 0.4515625 0.0140625 0.0109375
0 0.52265625 0.45234375 0.0078125 0.00390625
0 0.6375 0.465625 0.01484375 0.009375
0 0.42890625 0.48984375 0.00703125 0.0140625
0 0.61875 0.490625 0.01640625 0.00859375
0 0.3984375 0.50859375 0.00859375 0.01796875