0 0.68046875 0.61484375 0.01796875 0.01015625
0 0.56484375 0.36171875 0.0078125 0.01328125
0 0.5328125 0.36875 0.00625 0.0109375
0 0.45859375 0.390625 0.009375 0.0109375
0 0.4375 0.39140625 0.00703125 0.00625
0 0.54296875 0.41796875 0.0140625 0.0078125
0 0.584375 0.42109375 0.009375 0.0125
0 0.44375 0.4296875 0.0125 0.01015625
0 0.4125 0.43671875 0.00859375 0.0109375
0 0.63671875 0.45859375 0.01015625 0.01015625
0 0.459375 0.46328125 0.01328125 0.015625
0 0.609375 0.4734375 0.0140625 0.0078125
0 0.40234375 0.5 0.00703125 0.0109375
0 0.5484375 0.50625 0.00625 0.0109375
0 0.4140625 0.51328125 0.0078125 0.01328125