0 0.6984375 0.521875 0.01875 0.00859375
0 0.60234375 0.5328125 0.0078125 0.01953125
0 0.46015625 0.54609375 0.02109375 0.009375
0 0.6 0.58203125 0.0203125 0.0140625
0 0.496875 0.6046875 0.0140625 0.01875
0 0.7359375 0.61015625 0.0125 0.01953125
0 0.603125 0.8421875 0.02421875 0.0203125
0 0.61875 0.84609375 0.0234375 0.0171875
0 0.48125 0.40546875 0.00625 0.01328125
0 0.4796875 0.42421875 0.01796875 0.00625
0 0.66015625 0.4328125 0.02265625 0.0140625
0 0.45859375 0.43671875 0.02265625 0.0078125
0 0.59140625 0.44453125 0.0140625 0.01015625
0 0.66015625 0.45546875 0.0140625 0.0125