0 0.590625 0.55 0.01796875 0.0078125
0 0.6203125 0.5734375 0.0171875 0.01015625
0 0.52109375 0.5828125 0.0109375 0.0140625
0 0.5640625 0.5890625 0.01796875 0.0109375
0 0.53984375 0.59453125 0.0078125 0.0109375
0 0.2265625 0.59609375 0.01484375 0.0171875
0 0.48984375 0.62109375 0.0171875 0.00859375
0 0.50703125 0.38515625 0.009375 0.0171875
0 0.60390625 0.41328125 0.015625 0.01015625
0 0.48359375 0.45078125 0.01875 0.0078125
0 0.3625 0.45625 0.0109375 0.01484375
0 0.50859375 0.47734375 0.0140625 0.0078125
0 0.71171875 0.48125 0.0125 0.015625
0 0.61953125 0.50078125 0.015625 0.01015625
0 0.7078125 0.50234375 0.009375 0.01171875