0 0.52578125 0.58203125 0.01328125 0.0046875
0 0.47421875 0.2328125 0.003125 0.00859375
0 0.52734375 0.34296875 0.0078125 0.01015625
0 0.43828125 0.34375 0.00625 0.00625
0 0.42421875 0.378125 0.00859375 0.00703125
0 0.39453125 0.38203125 0.0046875 0.00625
0 0.515625 0.38671875 0.0140625 0.00859375
0 0.55078125 0.39765625 0.0125 0.009375
0 0.421875 0.409375 0.00703125 0.00859375
0 0.75078125 0.41328125 0.00703125 0.0140625
0 0.35546875 0.4296875 0.00390625 0.009375
0 0.35859375 0.4453125 0.00859375 0.009375
0 0.546875 0.45078125 0.01328125 0.00546875
0 0.47734375 0.465625 0.0078125 0.009375