0 0.6453125 0.55546875 0.0171875 0.0125
0 0.63203125 0.57109375 0.0109375 0.0140625
0 0.6078125 0.57734375 0.01640625 0.0171875
0 0.3796875 0.590625 0.01953125 0.01640625
0 0.50625 0.59296875 0.009375 0.015625
0 0.64375 0.60625 0.0140625 0.0140625
0 0.39921875 0.78984375 0.0328125 0.0125
0 0.2515625 0.79296875 0.02109375 0.01171875
0 0.6734375 0.8109375 0.01171875 0.021875
0 0.646875 0.41171875 0.01015625 0.0140625
0 0.446875 0.421875 0.0171875 0.01015625
0 0.6609375 0.4265625 0.00546875 0.01171875
0 0.60234375 0.46953125 0.0125 0.0171875
0 0.23828125 0.50390625 0.015625 0.0203125
0 0.66328125 0.51328125 0.0109375 0.015625
0 0.62421875 0.515625 0.01484375 0.01640625
0 0.50390625 0.5203125 0.0171875 0.0109375