0 0.390625 0.52578125 0.00859375 0.015625
0 0.5609375 0.53203125 0.01171875 0.021875
0 0.65 0.5671875 0.015625 0.01484375
0 0.42265625 0.57265625 0.0171875 0.009375
0 0.58828125 0.66328125 0.02265625 0.01328125
0 0.32734375 0.771875 0.0296875 0.01171875
0 0.33515625 0.7828125 0.02421875 0.00625
0 0.5625 0.36171875 0.0125 0.01640625
0 0.54921875 0.37890625 0.0109375 0.01015625
0 0.63828125 0.42109375 0.0125 0.0140625
0 0.621875 0.446875 0.0140625 0.0125
0 0.76015625 0.459375 0.01953125 0.01796875
0 0.44765625 0.47578125 0.0125 0.0109375
0 0.58203125 0.503125 0.0140625 0.01484375