0 0.62734375 0.60234375 0.01796875 0.00859375
0 0.428125 0.31953125 0.009375 0.009375
0 0.52734375 0.3578125 0.0046875 0.0109375
0 0.4328125 0.3734375 0.00546875 0.00859375
0 0.775 0.39453125 0.01171875 0.0109375
0 0.5296875 0.40546875 0.01484375 0.00625
0 0.4328125 0.41171875 0.0109375 0.00703125
0 0.4015625 0.41875 0.00703125 0.009375
0 0.44140625 0.44375 0.0109375 0.0109375
0 0.58515625 0.46484375 0.015625 0.0078125
0 0.38203125 0.478125 0.00625 0.01171875
0 0.521875 0.48984375 0.00625 0.01328125
0 0.3921875 0.490625 0.00625 0.01171875