0 0.53125 0.584375 0.0140625 0.00546875
0 0.48984375 0.23671875 0.0046875 0.00625
0 0.6296875 0.3359375 0.0109375 0.009375
0 0.540625 0.346875 0.0078125 0.009375
0 0.45078125 0.3484375 0.0046875 0.009375
0 0.43671875 0.3828125 0.0109375 0.00625
0 0.525 0.390625 0.0109375 0.00625
0 0.43359375 0.4125 0.01328125 0.0125
0 0.7609375 0.421875 0.0078125 0.01171875
0 0.35 0.428125 0.009375 0.00546875
0 0.36796875 0.43203125 0.00703125 0.0109375
0 0.45703125 0.44296875 0.01796875 0.0078125
0 0.3703125 0.446875 0.00546875 0.0125
0 0.55546875 0.45546875 0.0109375 0.0078125
0 0.4875 0.46796875 0.00625 0.01015625