0 0.53046875 0.584375 0.021875 0.00625
0 0.62734375 0.33359375 0.009375 0.00703125
0 0.5390625 0.346875 0.00859375 0.0078125
0 0.44921875 0.34765625 0.00625 0.009375
0 0.4359375 0.3546875 0.0109375 0.0046875
0 0.43359375 0.38046875 0.01171875 0.0078125
0 0.5234375 0.390625 0.0140625 0.00625
0 0.43125 0.41171875 0.009375 0.01328125
0 0.75703125 0.41953125 0.0109375 0.0109375
0 0.365625 0.43203125 0.00546875 0.0078125
0 0.36796875 0.446875 0.0046875 0.0109375
0 0.553125 0.4546875 0.0140625 0.0078125
0 0.48515625 0.4671875 0.00703125 0.0078125