0 0.590625 0.55390625 0.0171875 0.01015625
0 0.62265625 0.575 0.021875 0.009375
0 0.5265625 0.5890625 0.00859375 0.01796875
0 0.56875 0.59609375 0.0234375 0.01015625
0 0.54296875 0.603125 0.009375 0.01171875
0 0.22734375 0.621875 0.01640625 0.021875
0 0.49921875 0.63359375 0.021875 0.0125
0 0.3546875 0.796875 0.02109375 0.02421875
0 0.49375 0.39609375 0.0140625 0.01953125
0 0.5953125 0.41796875 0.01953125 0.015625
0 0.4765625 0.46015625 0.01875 0.0109375
0 0.35546875 0.4734375 0.01328125 0.02109375
0 0.7046875 0.48046875 0.0125 0.0171875
0 0.50078125 0.48671875 0.0171875 0.01015625
0 0.703125 0.5015625 0.0125 0.015625
0 0.615625 0.503125 0.01953125 0.01484375
0 0.53359375 0.50546875 0.01171875 0.0125