0 0.55625 0.52109375 0.0046875 0.0109375
0 0.40546875 0.5421875 0.00625 0.0125
0 0.72890625 0.61015625 0.0109375 0.0140625
0 0.5890625 0.33828125 0.01171875 0.0078125
0 0.3890625 0.3640625 0.0078125 0.0109375
0 0.4296875 0.41796875 0.009375 0.009375
0 0.4078125 0.42109375 0.0109375 0.00625
0 0.525 0.43203125 0.01484375 0.00390625
0 0.634375 0.45859375 0.0125 0.009375
0 0.42578125 0.4609375 0.009375 0.01015625
0 0.39375 0.475 0.0046875 0.01484375
0 0.61015625 0.478125 0.015625 0.0078125
0 0.45390625 0.49296875 0.0109375 0.0125
0 0.5046875 0.5125 0.0171875 0.0109375