0 0.72890625 0.5296875 0.01171875 0.0125
0 0.6078125 0.56796875 0.01953125 0.009375
0 0.24609375 0.5875 0.01953125 0.01796875
0 0.63515625 0.59296875 0.02109375 0.01015625
0 0.53671875 0.59765625 0.0125 0.01328125
0 0.578125 0.60546875 0.01875 0.009375
0 0.55234375 0.609375 0.0078125 0.0109375
0 0.49765625 0.63359375 0.02109375 0.00703125
0 0.3359375 0.77109375 0.01640625 0.01015625
0 0.53671875 0.4015625 0.0125 0.01484375
0 0.63359375 0.4328125 0.01328125 0.009375
0 0.38984375 0.4625 0.01328125 0.0125
0 0.5328125 0.49296875 0.01484375 0.0125
0 0.7359375 0.50703125 0.01171875 0.015625
0 0.559375 0.51796875 0.0078125 0.0140625