0 0.64140625 0.52734375 0.021875 0.01015625
0 0.71171875 0.5296875 0.0109375 0.015625
0 0.5703125 0.57890625 0.0078125 0.01875
0 0.23203125 0.61875 0.0078125 0.0078125
0 0.23359375 0.6296875 0.01328125 0.0109375
0 0.45625 0.6296875 0.02109375 0.009375
0 0.60859375 0.796875 0.025 0.01875
0 0.46640625 0.884375 0.01953125 0.0171875
0 0.465625 0.43125 0.009375 0.0109375
0 0.65078125 0.4515625 0.00625 0.0109375
0 0.621875 0.47109375 0.00859375 0.015625
0 0.42265625 0.47734375 0.01640625 0.009375
0 0.66484375 0.51328125 0.0125 0.009375
0 0.51796875 0.51875 0.0140625 0.01875