0 0.028125 0.36796875 0.05625 0.1234375
0 0.21640625 0.3578125 0.1625 0.07734375
0 0.67578125 0.3109375 0.115625 0.1609375
0 0.86796875 0.29453125 0.1375 0.084375
0 0.87109375 0.33828125 0.178125 0.11640625
0 0.42265625 0.44921875 0.171875 0.21328125
0 0.3765625 0.4046875 0.0921875 0.1296875
0 0.55390625 0.43125 0.165625 0.1078125
0 0.52109375 0.5 0.228125 0.0421875
0 0.53125 0.5359375 0.2359375 0.0515625
0 0.36953125 0.55390625 0.1125 0.07890625
0 0.52265625 0.58125 0.24375 0.1265625
0 0.71953125 0.60625 0.265625 0.1140625
0 0.721875 0.76171875 0.23984375 0.175
0 0.76015625 0.7984375 0.14921875 0.1078125
0 0.50078125 0.85390625 0.2375 0.090625
0 0.3546875 0.94375 0.23984375 0.1125
0 0.39609375 0.8671875 0.15 0.17421875
0 0.490625 0.7328125 0.1359375 0.18671875
0 0.30625 0.68359375 0.2046875 0.159375
0 0.1921875 0.68984375 0.18984375 0.14765625
0 0.0578125 0.66875 0.115625 0.13125