0 0.727654671875 0.526556984375 0.69472259375 0.51620404375 0.6635294109375 0.5303216921875 0.6564705875 0.542086396875 0.6799999999999999 0.6997334562499999 0.7576470578125 0.6832628671875 0.727654671875 0.526556984375
0 0.6423529421875 0.7044393390625 0.649411765625 0.53973345625 0.649411765625 0.51620404375 0.64 0.5044393390625 0.5976470593750001 0.49502757343750003 0.5670588234375 0.5091452203125 0.57176470625 0.6150275734374999 0.5647058828125 0.7067922796875 0.58823529375 0.7209099265625001 0.6423529421875 0.7044393390625
0 0.4894117640625 0.417380515625 0.48838040468750005 0.4403297484375 0.486442740625 0.4683716515625 0.4858059328125 0.5080170984375 0.4894117640625 0.513851103125 0.5011764703125 0.513851103125 0.505882353125 0.518556984375 0.5152941171875 0.518556984375 0.5152941171875 0.5209099265625 0.5364705890625 0.5209099265625 0.5364705890625 0.518556984375 0.54823529375 0.51620404375 0.54823529375 0.513851103125 0.5647058828125 0.5114981625 0.5670588234375 0.49502757343750003 0.5647058828125 0.49502757343750003 0.5647058828125 0.4832628671875 0.5623529421875 0.4832628671875 0.5623529421875 0.4714981625 0.5599999999999999 0.4714981625 0.5529411765625001 0.41032169218750003 0.54823529375 0.40561580781249995 0.54823529375 0.4009099265625 0.5388235296875 0.393851103125 0.534117646875 0.393851103125 0.534117646875 0.3914981609375 0.5152941171875 0.3914981609375 0.5152941171875 0.393851103125 0.5035294125 0.39620404374999996 0.49411764687500004 0.40561580781249995 0.49411764687500004 0.41267463125 0.4894117640625 0.417380515625
0 0.28933451093749996 0.43639424218749995 0.29811982187499997 0.4411875546875 0.3192844390625 0.4611596890625 0.3408483875 0.458363590625 0.3488350359375 0.451573065625 0.35202969375 0.42520984687499996 0.3576470578125 0.4009099265625 0.3616136703125 0.3788744953125 0.3647058828125 0.36561580781249997 0.369411765625 0.32796875000000003 0.373194309375 0.316561434375 0.36560699375 0.3097709078125 0.34723770625 0.304178709375 0.328868415625 0.3033798234375 0.3005158171875 0.30058372499999997 0.2961231609375 0.34332409375 0.29452583125 0.363695671875 0.2917305046875 0.41322656718750006 0.2885358453125 0.42520984687499996 0.28933451093749996 0.43639424218749995
0 0.49676029687499995 0.40197358593750004 0.50739394375 0.3945602078125 0.5199609796875 0.3923039625 0.5296279296875 0.39069236093750004 0.542194965625 0.3945602078125 0.555400321875 0.41261016875 0.60374121875 0.3423442546875 0.5844073171875 0.3291291046875 0.5686179640625 0.31720323906250003 0.5534730734375 0.3046327296875 0.5441283546875 0.303343446875 0.4986936875 0.373287040625 0.4587369578125 0.4284038828125 0.43617459687500004 0.4561234640625 0.42812494687499997 0.47223949843749996 0.43326340781250006 0.4832628671875 0.47999810624999995 0.5015706843750001 0.4870933453125 0.49995908125 0.4880600421875 0.4267922796875 0.49676029687499995 0.40197358593750004
0 0.3132997015625 0.532096040625 0.329110184375 0.5328674953125 0.3383651015625 0.531324584375 0.34588235312500004 0.5326746328125 0.3537899640625 0.5239957515625 0.3764705890625 0.5209099265625 0.3764705890625 0.51620404375 0.369411765625 0.5091452203125 0.35456120625 0.5050950765625 0.3564893140625 0.4969947859375 0.3529411765625 0.49267463125 0.3429925609375 0.48850877031250006 0.3399075875 0.48117993593749997 0.33219515781250003 0.47462255937500003 0.32525397031250003 0.46806518124999996 0.3217833765625 0.46343644531250006 0.31561343124999997 0.45765052500000003 0.307901 0.45032169062499994 0.3032735421875 0.44492149843749995 0.2964705875 0.44090992656249994 0.2909336546875 0.436821209375 0.2816787375 0.436821209375 0.2720381984375 0.43797839375000003 0.263940146875 0.4437643140625 0.2585414453125 0.45340751562500003 0.25044339375 0.46035062031249996 0.24705882343750002 0.4667922796875 0.24851528437499998 0.4834943046875 0.2616264171875 0.49622332968749994 0.300574190625 0.5317103125 0.3132997015625 0.532096040625
0 0.7368087671875 0.45186460312500004 0.8069918843749999 0.4055772359375 0.8602076562500001 0.377804815625 0.8671488437500001 0.35504686093750004 0.859822034375 0.340003465625 0.8409265796875 0.31994560625 0.8193317734375001 0.318016965625 0.7529411765625 0.36326286875 0.7013315859375 0.39246248125 0.677647059375 0.41032169218750003 0.671638728125 0.4283351921875 0.6770374296874999 0.44646441093749994 0.6882204546875 0.4530217875 0.70595904375 0.46189353281249995 0.7167564468750001 0.45186460312500004 0.7368087671875 0.45186460312500004
0 0.9547265062499999 0.3489376078125 0.9398517234374999 0.338556984375 0.9291280421874999 0.335096778125 0.9132154828125 0.33994106875 0.899378475 0.3510137328125 0.8378037890625001 0.417795740625 0.8329608374999999 0.4309445296875 0.8551000500000001 0.42886840312499996 0.8734340859374999 0.43578882031250005 0.899378475 0.43509677656249995 0.9623368609374999 0.370736915625 0.9547265062499999 0.3489376078125
0 0.9905882359374999 0.7609099265625 0.997647059375 0.742086396875 0.997647059375 0.7256158078125 0.9929411765625 0.71620404375 0.9782548234374999 0.7000215703125 0.9647058828124999 0.6950275734375 0.9411764703125 0.6950275734375 0.9244881640625 0.717788678125 0.889411765625 0.7585569859375 0.88470588125 0.76796875 0.88470588125 0.7773805140625 0.8988235296875 0.7891452203125 0.9317647062500001 0.79620404375 0.9624128609374999 0.7970203703125 0.9905882359374999 0.7609099265625
0 0 0.6095659609374999 0.0457444890625 0.7600455796875 0.0588235296875 0.770321690625 0.098551028125 0.7691692296875 0.1176470578125 0.75620404375 0.12351411875 0.7389171296875 0.08846938125 0.637116409375 0.06542652812500001 0.5674885578125 0.05870569531249999 0.5444393375 0.049584565625 0.5300335765625 0.031822365625 0.524271271875 0.012619987499999999 0.5281128078124999 0.0010985609375 0.5333949203125 0 0.575435196875 0 0.6095659609374999
0 0.162878596875 0.531474153125 0.1475166953125 0.522350503125 0.129274434375 0.522350503125 0.1129411765625 0.5373805140625 0.0776470578125 0.5891452203124999 0.0769479546875 0.6006218109375 0.10623158125000001 0.68657619375 0.125433959375 0.6529627484375 0.1763202609375 0.5756518234375 0.1763202609375 0.550681834375 0.162878596875 0.531474153125
0 0.22923124218750002 0.30014868125 0.24065061562499998 0.27745254375 0.24353097343750002 0.2409579453125 0.23294117656250002 0.2150275734375 0.2070588234375 0.21738051406249997 0.1849528171875 0.2454774 0.09985521875 0.374889165625 0.0899119484375 0.40470344375 0.11775539531250001 0.42487151093750003 0.145118784375 0.42439131874999997 0.17803431249999999 0.40464694999999995 0.20432462812500002 0.35412791875 0.22923124218750002 0.30014868125
0 0.32082054531250004 0.30098195625 0.327541378125 0.2880167703125 0.33090179375 0.26880908593749997 0.329941675 0.260165628125 0.3261012 0.254403325 0.31746012968750004 0.2481608265625 0.305938703125 0.24720044218749998 0.28961668125 0.2515221703125 0.27185448125 0.265927934375 0.2579327578125 0.281774271875 0.24422582343750002 0.293154825 0.24422582343750002 0.30962541250000003 0.26417352968749996 0.31298675625 0.2972976328125 0.310585796875 0.2992178703125 0.299541378125 0.32082054531250004 0.30098195625
0 0.40470588281250003 0.2926746328125 0.4 0.2667922796875 0.39529411875 0.25738051562500003 0.38823529375 0.2503216921875 0.3811764703125 0.24796875 0.3647058828125 0.24796875 0.36 0.2503216921875 0.35529411875 0.2550275734375 0.35529411875 0.29502757343749997 0.3576470578125 0.29973345625 0.402352940625 0.29973345625 0.40470588281250003 0.297380515625 0.40470588281250003 0.2926746328125
0 0.6305882359375 0.21973345625000001 0.6188235296875 0.21267463125 0.5929411765625 0.21267463125 0.5788235296875001 0.22679227968750001 0.55529411875 0.2809099265625 0.5529411765625001 0.29973345625 0.5858823531249999 0.3256158078125 0.6 0.32796875000000003 0.6376470578125 0.25738051562500003 0.6376470578125 0.23149816250000002 0.6305882359375 0.21973345625000001
0 0.094117646875 0.31620404375 0.10823529375 0.28326286875 0.1105882359375 0.27149816250000003 0.1105882359375 0.2550275734375 0.10823529375 0.2503216921875 0.0964705890625 0.24326286718749998 0.0752941171875 0.24326286718749998 0.0564705890625 0.2503216921875 0.049411765625 0.25738051562500003 0.030588234375000002 0.2926746328125 0.02823529375 0.3209099265625 0.0329411765625 0.3256158078125 0.0470588234375 0.330321690625 0.08 0.330321690625 0.0847058828125 0.32796875000000003 0.094117646875 0.31620404375