0 1 0.8122395828125001 0.9739583328125001 0.80390625 0.915625 0.7955729171875 0.8729166671874999 0.79453125 0.85625 0.7966145828125 0.85 0.8049479171874999 0.8510416671875 0.8216145828125001 0.8614583328125001 0.8330729171875 1 0.8330729171875 1 0.8122395828125001
0 0.83125 0.7611979171875001 0.8395833328125001 0.7455729171875001 0.834375 0.7278645828125 0.8114583328125 0.7153645828124999 0.7833333328125 0.72265625 0.7729166671875001 0.73515625 0.7739583328124999 0.75078125 0.78125 0.7591145828125 0.79375 0.75703125 0.8072916671874999 0.7674479171875 0.81875 0.7674479171875 0.83125 0.7611979171875001
0 0.7197916671875 0.8111979171874999 0.709375 0.82578125 0.7072916671875 0.8330729171875 0.7677083328125 0.8330729171875 0.7572916671875001 0.8236979171875 0.7520833328125 0.8122395828125001 0.7385416671875 0.8018229171875 0.7197916671875 0.8111979171874999
0 0.628125 0.8268229171874999 0.6114583328125 0.8184895828125001 0.5802083328125 0.7768229171875001 0.578125 0.7684895828125 0.5604166671875 0.7528645828125 0.5458333328125 0.73203125 0.5375 0.72890625 0.5208333328125 0.7309895828124999 0.5041666671875 0.74765625 0.5072916671875001 0.76953125 0.5197916671875 0.7768229171875001 0.5604166671875 0.82578125 0.575 0.8330729171875 0.6302083328125 0.8330729171875 0.628125 0.8268229171874999
0 0.4010416671875 0.80390625 0.36875 0.7705729171875 0.345833334375 0.7622395828124999 0.32708333437500003 0.7736979171875 0.326041665625 0.7934895828124999 0.333333334375 0.8122395828125001 0.370833334375 0.8330729171875 0.40416666718750005 0.8330729171875 0.40520833281249996 0.8174479171875 0.4010416671875 0.80390625
0 0.1135416671875 0.7122395828125 0.097916665625 0.71015625 0.084375 0.71953125 0.065625 0.8018229171875 0.063541665625 0.8247395828125 0.066666665625 0.8330729171875 0.10729166718750001 0.8299479171874999 0.11875 0.8216145828125001 0.1270833328125 0.7278645828125 0.1135416671875 0.7122395828125
0 0.253125 0.6986979171875001 0.225 0.63203125 0.211458334375 0.62265625 0.202083334375 0.62265625 0.1854166671875 0.63203125 0.178125 0.64453125 0.178125 0.6580729171875 0.20625 0.7153645828124999 0.226041665625 0.7403645828125 0.242708334375 0.7466145828124999 0.252083334375 0.7205729171875 0.253125 0.6986979171875001
0 0.5427083328125 0.65703125 0.5427083328125 0.63203125 0.5354166671875 0.6268229171875 0.395833334375 0.5841145828125 0.328125 0.5705729171875 0.31875 0.5611979171875 0.286458334375 0.56640625 0.278125 0.5841145828125 0.278125 0.6111979171875 0.283333334375 0.6184895828125 0.29583333437500003 0.6247395828125 0.5166666671875 0.6778645828125 0.5322916671875 0.67578125 0.5427083328125 0.65703125
0 0.5010416671875 0.5122395828124999 0.496875 0.48203125 0.48854166718750003 0.47473958281249995 0.471875 0.47890625 0.43645833281249996 0.5299479171875 0.40208333281249997 0.5622395828125 0.396875 0.57265625 0.395833334375 0.5809895828125 0.4 0.58828125 0.44166666718750003 0.59765625 0.45104166718750005 0.5809895828125 0.4583333328125 0.5549479171875 0.5010416671875 0.5122395828124999
0 0.271875 0.50078125 0.269791665625 0.48932291718750004 0.246875 0.46640625 0.23125 0.47161458281249996 0.22083333437500002 0.48828125 0.219791665625 0.5059895828125 0.225 0.5236979171875 0.242708334375 0.5309895828125 0.25104166562499997 0.52890625 0.2625 0.5174479171875 0.271875 0.50078125
0 0.328125 0.51015625 0.335416665625 0.49140625 0.3125 0.4466145828125 0.261458334375 0.374739584375 0.244791665625 0.370572915625 0.234375 0.358072915625 0.226041665625 0.358072915625 0.21875 0.36328125 0.22083333437500002 0.39557291562499997 0.252083334375 0.45286458281249997 0.294791665625 0.51328125 0.301041665625 0.5299479171875 0.314583334375 0.52578125 0.328125 0.51015625
0 0.059375 0.329947915625 0.028125 0.25390625 0.015625 0.25078125 0.003125 0.261197915625 0.005208334375 0.28828125 0.0302083328125 0.352864584375 0.0385416671875 0.355989584375 0.054166665625 0.35390625 0.060416665625 0.343489584375 0.059375 0.329947915625
0 0.11041666718750001 0.205989584375 0.1010416671875 0.1966145828125 0.067708334375 0.19453125 0.054166665625 0.20390625 0.055208334375 0.22473958437500002 0.072916665625 0.24036458437500002 0.0875 0.24244791562499998 0.1 0.23515625 0.10625 0.22578125 0.11041666718750001 0.205989584375
0 0.21458333437500002 0.32578125 0.21875 0.311197915625 0.226041665625 0.30703125 0.227083334375 0.30182291562499997 0.204166665625 0.29140625 0.1885416671875 0.293489584375 0.1458333328125 0.312239584375 0.1364583328125 0.32578125 0.1354166671875 0.33828125 0.1395833328125 0.34869791562499997 0.1510416671875 0.355989584375 0.171875 0.355989584375 0.203125 0.33828125 0.21458333437500002 0.32578125
0 0.309375 0.23828125 0.291666665625 0.22890625 0.260416665625 0.237239584375 0.246875 0.246614584375 0.242708334375 0.26015625 0.267708334375 0.28515625 0.286458334375 0.28203125 0.305208334375 0.26848958437500003 0.310416665625 0.25703125 0.309375 0.23828125
0 0.31145833437500003 0.31015625 0.31875 0.28828125 0.330208334375 0.27265625 0.328125 0.24140625 0.320833334375 0.237239584375 0.317708334375 0.227864584375 0.305208334375 0.23203125 0.310416665625 0.24244791562499998 0.308333334375 0.26328125 0.286458334375 0.28515625 0.257291665625 0.354947915625 0.25625 0.36328125 0.290625 0.365364584375 0.29791666562499997 0.36953125 0.302083334375 0.36640625 0.309375 0.340364584375 0.31145833437500003 0.31015625
0 0.398958334375 0.37786458437500003 0.40833333281249995 0.35390625 0.4114583328125 0.32578125 0.43958333281249995 0.27890625 0.440625 0.264322915625 0.41875 0.248697915625 0.4010416671875 0.251822915625 0.38125 0.342447915625 0.375 0.342447915625 0.338541665625 0.31640625 0.333333334375 0.31640625 0.32708333437500003 0.32578125 0.325 0.35078125 0.334375 0.36223958437500003 0.345833334375 0.36328125 0.35833333437500003 0.37578125 0.37604166562499997 0.384114584375 0.398958334375 0.37786458437500003
0 0.5052083328125 0.386197915625 0.5072916671875001 0.37265625 0.49583333281249997 0.359114584375 0.478125 0.354947915625 0.46666666718750005 0.365364584375 0.4010416671875 0.48203125 0.4 0.48932291718750004 0.40729166718750004 0.50390625 0.41875 0.51015625 0.42604166718750003 0.51015625 0.44166666718750003 0.49453125 0.5052083328125 0.386197915625
0 0.5541666671875001 0.41328125 0.5541666671875001 0.39453125 0.5427083328125 0.37786458437500003 0.546875 0.34765625 0.54375 0.33515625 0.5291666671875 0.32578125 0.5197916671875 0.32578125 0.5052083328125 0.33307291562499997 0.4927083328125 0.34661458437500003 0.4916666671875 0.35703125 0.50625 0.370572915625 0.503125 0.39348958437500003 0.5291666671875 0.42682291718750004 0.5416666671875 0.42890625 0.5541666671875001 0.41328125
0 0.7395833328125 0.36015625 0.7291666671875 0.34453125 0.715625 0.340364584375 0.503125 0.46119791718750003 0.5020833328125 0.47473958281249995 0.5114583328125 0.4934895828125 0.5291666671875 0.4986979171875 0.7239583328125 0.38828125 0.740625 0.37578125 0.7395833328125 0.36015625
0 0.5020833328125 0.5059895828125 0.5458333328125 0.5580729171875001 0.553125 0.5591145828124999 0.5833333328125 0.5424479171875001 0.5885416671875 0.5268229171875001 0.5583333328125 0.48203125 0.5299223796875 0.4986979171875 0.513607440625 0.494878471875 0.510136178125 0.48585069374999995 0.502152271875 0.47578125 0.5031936515625001 0.4622395828125 0.50625 0.45807291718750004 0.528125 0.4466145828125 0.5375 0.4361979171875 0.5354166671875 0.4309895828125 0.5072916671875001 0.42578125 0.4875 0.42786458281249995 0.475 0.44036458281249996 0.46666666718750005 0.45703125 0.465625 0.4643229171875 0.47291666718750003 0.47473958281249995 0.48854166718750003 0.47473958281249995 0.49791666718750005 0.48515625 0.5020833328125 0.49140625 0.5020833328125 0.5059895828125
0 0.759762584375 0.5205729171875 0.764622353125 0.5136284718749999 0.7677083328125 0.5091145828125 0.7708333328125 0.4966145828125 0.7697916671875 0.4153645828125 0.75625 0.4018229171875 0.74375 0.398697915625 0.73125 0.40390625 0.7208333328125 0.4184895828125 0.7270833328124999 0.5153645828125 0.7322916671875 0.5236979171875 0.7469189093749999 0.5254340281250001 0.75212580625 0.5240451390625 0.756291321875 0.522309028125 0.759762584375 0.5205729171875
0 0.721875 0.61015625 0.7260416671875001 0.5997395828125 0.725 0.5841145828125 0.7208333328125 0.5768229171875 0.703125 0.5684895828125 0.6197916671875 0.56328125 0.5916666671875 0.55703125 0.5833333328125 0.56953125 0.5822916671875 0.5893229171875001 0.5854166671875001 0.5997395828125 0.6010416671875001 0.6153645828125 0.6604166671875 0.61328125 0.6979166671875 0.61640625 0.721875 0.61015625
0 0.5666666671875 0.64140625 0.5760416671875 0.6497395828125 0.578125 0.6497395828125 0.58125 0.65390625 0.5885416671875 0.6549479171875 0.596875 0.65078125 0.596875 0.64765625 0.6 0.6434895828125 0.6 0.6393229171875 0.6020833328124999 0.6372395828124999 0.603125 0.61953125 0.5989583328125 0.6111979171875 0.590625 0.6059895828124999 0.5802083328125 0.58515625 0.5760416671875 0.5830729171875 0.5708333328124999 0.5830729171875 0.5666666671875 0.58515625 0.5625 0.5893229171875001 0.5583333328125 0.5986979171875 0.5572916671875 0.6247395828125 0.5604166671875 0.6299479171875 0.5614583328125 0.6361979171875001 0.5645833328125 0.6393229171875 0.5666666671875 0.6393229171875 0.5666666671875 0.64140625
0 0.9010416671874999 0.5841145828125 0.903125 0.56953125 0.9 0.5611979171875 0.8885416671874999 0.5466145828125 0.8802083328125001 0.5424479171875001 0.8729166671874999 0.5424479171875001 0.859375 0.5528645828125 0.815625 0.5997395828125 0.8135416671875 0.6143229171875 0.8479166671874999 0.6403645828125 0.8572916671874999 0.64140625 0.8666666671875 0.63203125 0.8833333328125 0.6049479171875001 0.9010416671874999 0.5841145828125
0 0.8895833328125 0.54765625 0.8958333328125001 0.55390625 0.9 0.5643229171875 0.9041666671874999 0.5653645828125 0.9072916671875 0.5591145828124999 0.9072916671875 0.5372395828125 0.8989583328125 0.47682291718750003 0.884375 0.47057291718750005 0.8614583328125001 0.46953125 0.8520833328125 0.47578125 0.8458333328125001 0.48619791718750005 0.84375 0.5018229171875 0.8510416671875 0.56015625 0.8541666671874999 0.56015625 0.86875 0.54453125 0.8802083328125001 0.5424479171875001 0.8895833328125 0.54765625
0 1 0.51015625 0.99375 0.5111979171875001 0.99375 0.5122395828124999 0.9802083328125001 0.51328125 0.9802083328125001 0.5143229171875 0.9760416671875 0.5153645828125 0.9760416671875 0.5174479171875 0.9697916671875 0.52265625 0.9697916671875 0.5247395828125 0.9677083328125 0.52578125 0.9677083328125 0.5278645828124999 0.965625 0.5299479171875 0.9645833328125001 0.5434895828124999 0.965625 0.5434895828124999 0.965625 0.5497395828125 0.9666666671874999 0.5497395828125 0.9666666671874999 0.55390625 0.9677083328125 0.55390625 0.96875 0.5580729171875001 0.9708333328125001 0.56015625 0.9770833328125 0.5622395828125 0.9770833328125 0.56328125 0.9822916671874999 0.56328125 0.9854166671875 0.56640625 0.9875 0.56640625 0.99375 0.5705729171875 1 0.5705729171875 1 0.51015625
0 0.8354166671875 0.44557291718750003 0.8489583328125001 0.44557291718750003 0.8614583328125001 0.42890625 0.8625 0.4153645828125 0.859375 0.4018229171875 0.8489583328125001 0.37890625 0.8479166671874999 0.355989584375 0.8333333328125001 0.345572915625 0.81875 0.34453125 0.8052083328125 0.35078125 0.8 0.35078125 0.796875 0.35703125 0.796875 0.37578125 0.8041666671875 0.38203125 0.8041666671875 0.387239584375 0.8145833328125001 0.40703125 0.825 0.43723958281249997 0.8354166671875 0.44557291718750003
0 1 0.323697915625 0.99375 0.31640625 0.9104166671874999 0.24973958437500002 0.8958333328125001 0.25494791562499997 0.8833333328125 0.271614584375 0.8822916671875 0.280989584375 0.8965797437499999 0.294878471875 1 0.384114584375 1 0.323697915625
0 0.8989583328125 0.25286458437500003 0.9114583328125001 0.24973958437500002 0.91875 0.245572915625 0.921875 0.23515625 0.921875 0.201822915625 0.9145833328125 0.19869791718750002 0.8947916671874999 0.19973958281249998 0.8833333328125 0.20703125 0.8729166671874999 0.21848958437500002 0.8708333328125001 0.22265625 0.871875 0.255989584375 0.8739583328125 0.26328125 0.8822916671875 0.27578125 0.8864583328125001 0.265364584375 0.8989583328125 0.25286458437500003
0 0.7354166671875 0.19453125 0.7364583328125 0.18411458281249998 0.73125 0.1705729171875 0.7270833328124999 0.16640625 0.7041666671875 0.16640625 0.6979166671875 0.16848958281249998 0.6875 0.1809895828125 0.6729166671875 0.212239584375 0.659375 0.23411458437500002 0.6583333328125 0.248697915625 0.6625 0.25390625 0.6854166671875 0.26328125 0.6895833328125 0.262239584375 0.7270833328124999 0.20286458437500002 0.7354166671875 0.19453125