0 0.616013071875 0.680749590625 0.55392156875 0.6251940359375 0.5326797375 0.6251940359375 0.51633986875 0.6398999187500001 0.5130718953125 0.662775734375 0.5196078421875 0.67584763125 0.596405228125 0.7297691984375 0.612745096875 0.721599265625 0.6209150328125 0.70852736875 0.616013071875 0.680749590625
0 0.302409975 0.7880821078125 0.3064938140625 0.7702103765625 0.2973856203125 0.754279003125 0.2483660140625 0.7166973046875 0.11601307187500001 0.6693116828125001 0.1078431375 0.6693116828125001 0.09640522812499999 0.685651553125 0.08986928125 0.7068933828125 0.10294117656249999 0.7150633171874999 0.22736943125 0.757444853125 0.2661659046875 0.7860396234375 0.285564140625 0.7967626640625001 0.302409975 0.7880821078125
0 0.6274509796875 0.5010110296875 0.6290849671875 0.476501225 0.616013071875 0.46016135625 0.599044484375 0.4592422375 0.44771241875 0.5059129890625 0.42973856093749996 0.5189848859375 0.428104575 0.53042279375 0.43954248281249997 0.5516646234375 0.44607843125 0.5582005718749999 0.4607843140625 0.556566584375 0.612745096875 0.5140829250000001 0.6274509796875 0.5010110296875
0 0.6429457546874999 0.46230596406249996 0.6403933546875 0.39337214062500003 0.6388888890625 0.3670241015625 0.6307189531249999 0.344148284375 0.6192810468750001 0.3343443625 0.6013071890624999 0.3327103765625 0.59150326875 0.3392463234375 0.5866013078125001 0.35231821874999997 0.5816993453125 0.45852736875 0.5833333328125 0.46179534218749996 0.6041492828125 0.4577103765625 0.6169112796875 0.46128472187499997 0.6312047171875 0.476092728125 0.6429457546874999 0.46230596406249996
0 0.8037469203125 0.38673406875 0.8202614390624999 0.31800449375 0.812091503125 0.30493259687499996 0.7990196078125 0.29839665000000004 0.7745098046875001 0.293494690625 0.7700552468749999 0.30503472187499997 0.7603561296875 0.3841809640625 0.75014653125 0.43626429843750003 0.7483660140625 0.46342932968749995 0.7549019609375 0.4748672375 0.7859477125 0.4846711609375 0.8037469203125 0.38673406875
0 0.904921078125 0.6063010609374999 0.9095153984375 0.59149305625 0.910025878125 0.56800449375 0.936274509375 0.3751940359375 0.8970588234375001 0.3653901140625 0.8823529421874999 0.370292075 0.8528521296875 0.5623876640625001 0.85234165 0.5792381546875001 0.837027253125 0.6149816171875 0.8681665265625 0.6154922375 0.896242921875 0.623151553125 0.904921078125 0.6063010609374999
0 1 0.2853247546875 0.9253564921875 0.288694853125 0.9131049750000001 0.2927798203125 0.9049372968749999 0.2978860296875 0.9080001765624999 0.309630309375 0.9133986937499999 0.3245404421875 0.9297385609375001 0.340880309375 1 0.3376123375 1 0.2853247546875
0 0.5604575171875 0.43401756562499993 0.580065359375 0.4274816171875 0.5849673203125 0.4176776953125 0.585264065625 0.35558619375 0.56994966875 0.3080984484375 0.531153196875 0.26878063750000003 0.5071606421875 0.24069648593749998 0.489804325 0.2381433828125 0.46887464999999995 0.25244076875 0.46172793125 0.27746119375 0.4979720046875 0.318310865625 0.52298551875 0.34588439531250004 0.53217415625 0.36630923125 0.54901999375 0.42400939531250004 0.5604575171875 0.43401756562499993
0 0 0.6664894609375 0.000158215625 0.697191584375 0.013071895312500002 0.7150633171874999 0.06862745 0.76081495 0.098039215625 0.772252859375 0.1176470578125 0.7689848859375 0.1323529421875 0.7461090687499999 0.1323529421875 0.7330371734375001 0.0951074734375 0.7165951796875001 0.039975646875 0.6619587421875 0 0.5986886640625 0 0.6664894609375
0 0.1844414546875 0.5746425656249999 0.1797385625 0.561468546875 0.09357603437499999 0.5470690359375 0.014705882812500001 0.53042279375 0 0.53042279375 0.000158215625 0.5787275328125 0.072135878125 0.5935355390625 0.1748366015625 0.612122140625 0.182910015625 0.5955780234375 0.1844414546875 0.5746425656249999
0 0.182407715625 0.55472835 0.20751634062500002 0.520618871875 0.23497896406250002 0.46281658437499995 0.25163398593749997 0.43238357812499995 0.2538667203125 0.412775734375 0.23344752500000002 0.3954146234375 0.215686275 0.398069853125 0.20486065 0.40818014687500004 0.16912705781249998 0.4725183828125 0.14921834218750002 0.5072406046875 0.130841065625 0.530218546875 0.12063146875 0.5491115203125 0.177302915625 0.559834559375 0.182407715625 0.55472835
0 0.2120309203125 0.319842728125 0.23202614375000002 0.221599265625 0.23202614375000002 0.20852736875 0.2173202625 0.1970894609375 0.1982479640625 0.1962724671875 0.189059325 0.20546364375 0.18089164687499998 0.2478451796875 0.15587813281250001 0.362224265625 0.152815253125 0.38826593125 0.16339869375 0.398069853125 0.184640521875 0.396435865625 0.2026143796875 0.3784620109375 0.2048842015625 0.353543709375 0.2120309203125 0.319842728125
0 0.2028422828125 0.195761846875 0.2247929171875 0.20188929687499998 0.23347107656250002 0.2095486109375 0.2355129953125 0.216697303125 0.26960784375 0.1921875 0.22224051875 0.1921875 0.1764705875 0.1921875 0.1043196625 0.2299734484375 0.07679738593749999 0.2412071078125 0.063725490625 0.254279003125 0.06535947812500001 0.26735089843750004 0.12745098125 0.27878880625 0.1798706859375 0.2483558 0.19110124374999998 0.200357434375 0.2028422828125 0.195761846875